# r Xi(r) Xi(r)-ShotNoise
# z = 0
0.000000000000000000e+00 5.263108520507812500e+02 -2.510697516695707454e+05
nan nan nan
nan nan nan
nan nan nan
nan nan nan
nan nan nan
nan nan nan
7.812500000000000000e+00 -9.406523704528808594e-01 -2.515970031739919796e+05
nan nan nan
nan nan nan
nan nan nan
1.104854393005371094e+01 -9.762754440307617188e-01 -2.515970387970655574e+05
nan nan nan
1.353164672851562500e+01 -9.850903749465942383e-01 -2.515970476119964733e+05
nan nan nan
1.562500000000000000e+01 -1.052048047383626228e+00 -2.515971145696689200e+05
nan nan nan
1.746928024291992188e+01 -9.803113937377929688e-01 -2.515970428330152645e+05
nan nan nan
1.913663864135742188e+01 -9.314546585083007812e-01 -2.515969939762800350e+05
nan nan nan
nan nan nan
2.209708786010742188e+01 -8.607003688812255859e-01 -2.515969232219904079e+05
2.343750000000000000e+01 -7.930482228597005578e-01 -2.515968555698443961e+05
2.470529365539550781e+01 -7.050332228342691687e-01 -2.515967675548443513e+05
2.591113090515136719e+01 -7.079374790191650391e-01 -2.515967704591005458e+05
nan nan nan
2.706329345703125000e+01 -6.371498107910156250e-01 -2.515966996714323177e+05
2.816836929321289062e+01 -6.007777849833170203e-01 -2.515966632994065003e+05
2.923169898986816406e+01 -5.558576186498006555e-01 -2.515966183792401862e+05
nan nan nan
3.125000000000000000e+01 -5.104564030965169641e-01 -2.515965729780246329e+05
3.221176147460937500e+01 -3.841039339701334820e-01 -2.515964466255554871e+05
3.314562988281250000e+01 -3.318578402201334820e-01 -2.515963943794617371e+05
3.449622917175292969e+01 -2.308658758799234934e-01 -2.515962933874973969e+05
3.580137252807617188e+01 -1.690656940142313547e-01 -2.515962315873155312e+05
3.664387130737304688e+01 -1.791663964589436941e-01 -2.515962416880179953e+05
nan nan nan
3.827327728271484375e+01 -8.122411866982777451e-02 -2.515961437457402062e+05
3.960856359145220296e+01 -3.061229341170366991e-02 -2.515960931339149247e+05
4.059494018554687500e+01 2.294621244072914124e-02 -2.515960395754090860e+05
nan nan nan
4.235929107666015625e+01 5.688483317693074359e-02 -2.515960056367883517e+05
nan nan nan
4.474235076904297159e+01 1.821789423624674553e-01 -2.515958803426791565e+05
4.555430984497070312e+01 1.630936861038208008e-01 -2.515958994279354229e+05
4.647153648963341510e+01 1.600492673042492875e-01 -2.515959024723542097e+05
4.752158355712890625e+01 2.189302841822306223e-01 -2.515958435913373542e+05
4.815948486328125000e+01 2.019868691762288504e-01 -2.515958605347523408e+05
4.941058731079101562e+01 2.519467075665791644e-01 -2.515958105749139504e+05
5.022653325398763258e+01 1.892819404602050781e-01 -2.515958732396810665e+05
5.152612495422363281e+01 2.439231276512145996e-01 -2.515958185984938755e+05
5.263948822021484375e+01 1.941158771514892578e-01 -2.515958684057443752e+05
nan nan nan
5.461512411794355160e+01 2.403404635767782960e-01 -2.515958221811579424e+05
5.544260510531339037e+01 1.690994609485972910e-01 -2.515958934221605887e+05
5.674107837677001953e+01 1.880324085553487234e-01 -2.515958744892129616e+05
5.740991592407226562e+01 1.596460640430450439e-01 -2.515959028755574836e+05
5.872323989868164062e+01 1.696587204933166504e-01 -2.515958928629010334e+05
5.949822616577148438e+01 1.085794071356455531e-01 -2.515959539422144007e+05
6.000894927978515625e+01 1.513384448157416573e-01 -2.515959111831767077e+05
6.130220958164760248e+01 1.708589394887288504e-01 -2.515958916626820283e+05
6.295777803308823195e+01 1.380243394889083541e-01 -2.515959244972820452e+05
6.356485443115234091e+01 1.293774286905924609e-01 -2.515959331441928225e+05
6.473817443847656250e+01 1.109940078523423967e-01 -2.515959515276136808e+05
6.536406707763671875e+01 8.971367279688517715e-02 -2.515959728079487395e+05
6.655341448102679180e+01 7.595379579634893574e-02 -2.515959865678257192e+05
6.734966451471501614e+01 1.061350757425481572e-01 -2.515959563865457894e+05
6.861738695417132305e+01 6.960855211530413145e-02 -2.515959929130694072e+05
6.987712097167968750e+01 4.078923414150873589e-02 -2.515960217323873949e+05
7.045096191406250341e+01 6.981857935587565400e-02 -2.515959927030421677e+05
7.134625549316406534e+01 6.167312463124593330e-02 -2.515960008484968857e+05
7.232944270542689935e+01 6.790211654844738320e-02 -2.515959946195049852e+05
7.364366040910992695e+01 4.151230198996407744e-02 -2.515960210093195492e+05
7.423320116315569805e+01 4.500290041878109853e-02 -2.515960175187211134e+05
7.561033630371093750e+01 3.718308938874138880e-02 -2.515960253385321412e+05
7.681165059407551610e+01 3.922964135805765556e-02 -2.515960232919801783e+05
7.749723968505858807e+01 2.349328464931911900e-02 -2.515960390283368761e+05
7.854279085484947132e+01 1.532193606461935975e-02 -2.515960471996854758e+05
7.967218017578125000e+01 3.780526916186014580e-02 -2.515960247163523745e+05
8.039604263305663778e+01 2.796259025732676130e-03 -2.515960597253624874e+05
8.173326061617943594e+01 1.072710175668039646e-02 -2.515960517945197644e+05
nan nan nan
8.334102020263671307e+01 -5.596923331419627161e-03 -2.515960681185448484e+05
8.450468930331143724e+01 1.740548646811283101e-02 -2.515960451161350647e+05
8.580193801153274080e+01 1.084015837737492246e-03 -2.515960614376056765e+05
8.639272199358258320e+01 2.899108898072015692e-03 -2.515960596225126355e+05
8.752074813842773438e+01 3.368140301770634025e-03 -2.515960591534812120e+05
8.870643380972055070e+01 -1.563046834407708433e-02 -2.515960781520898745e+05
8.941786024305555713e+01 -9.369237555397881209e-03 -2.515960718908590788e+05
9.036109670003254735e+01 -7.386440480196917145e-03 -2.515960699080619961e+05
9.150934906005859659e+01 1.215792323152224208e-03 -2.515960613058292074e+05
9.247496880425347854e+01 -1.701783582016273833e-02 -2.515960795394573361e+05
9.334795673076922640e+01 2.421287542734390508e-02 -2.515960383087460941e+05
9.436096049464026692e+01 1.682640230932901104e-02 -2.515960456952192180e+05
9.546193284254808020e+01 -1.838294817851139976e-02 -2.515960809045697097e+05
9.665930175781250000e+01 1.151561163938962396e-03 -2.515960613700603717e+05
9.753291211809430195e+01 2.990688028789701899e-02 -2.515960326147412416e+05
9.832551422119141193e+01 -1.920195172230402657e-03 -2.515960644418167067e+05
9.927743699815538037e+01 -1.443075692212140125e-02 -2.515960769523784402e+05
1.003764513455904392e+02 5.357750715353550366e-03 -2.515960571638708061e+05
1.016690239800347229e+02 -8.320739975682011269e-04 -2.515960633536955283e+05
1.025054010244516292e+02 -1.454661748348138293e-02 -2.515960770682390139e+05
1.033161510891384580e+02 -8.610634892075150551e-03 -2.515960711322564166e+05
1.044995574951171875e+02 1.639737851089901471e-02 -2.515960461242430029e+05
1.053737165010892483e+02 -7.479092249503502612e-03 -2.515960700007137784e+05
1.064406461715698242e+02 1.034073779980341536e-02 -2.515960521808837366e+05
1.074608734130859347e+02 -1.679561734199523995e-02 -2.515960793172388803e+05
1.087547999201594138e+02 -1.497077619707262199e-02 -2.515960774923977151e+05
1.095632408728966283e+02 -1.786375168042305187e-02 -2.515960803853732068e+05
1.106596699764854037e+02 -5.085772589633339238e-03 -2.515960676073941286e+05
1.114580735426682736e+02 1.473212853456154839e-02 -2.515960477894929936e+05
1.125437229701450832e+02 1.496268832494342116e-02 -2.515960475589332054e+05
1.134560028076171818e+02 4.827697575092315500e-03 -2.515960576939239400e+05
1.143835580999200943e+02 -1.495077302961638453e-03 -2.515960640166988305e+05
1.153499937791090701e+02 -2.096225359500982974e-02 -2.515960834838751180e+05
1.163377885818481445e+02 3.488178675373395429e-03 -2.515960590334428416e+05
1.174887314948482810e+02 -8.687466239007774968e-04 -2.515960633903681592e+05
1.184339776039123535e+02 -1.215398063262303728e-02 -2.515960746756021690e+05
1.194480581844554195e+02 -1.496979711102504416e-03 -2.515960640186012315e+05
1.202912844144380955e+02 -8.776892836277300994e-04 -2.515960633993108058e+05
1.215073777048211383e+02 -1.565380347402472311e-02 -2.515960781754250056e+05
1.223316144943237305e+02 -1.295112694303194591e-04 -2.515960626511327864e+05
1.234509685350501087e+02 6.452648536018703446e-03 -2.515960560689730046e+05
1.244616958618164091e+02 2.298470934232076102e-02 -2.515960395369121979e+05
1.255290271146797778e+02 -1.185259897522475056e-02 -2.515960743742205086e+05
1.264409170150756836e+02 6.805118949462970459e-04 -2.515960618411096220e+05
1.274178879681755490e+02 -4.536837631580876301e-03 -2.515960670584591571e+05
1.282930268787202408e+02 -4.231521061488560144e-03 -2.515960667531426006e+05
1.294313828317742718e+02 4.679770323268154196e-03 -2.515960578418512014e+05
1.305895677046342200e+02 3.032162785530090332e-04 -2.515960622184052481e+05
1.316118642171223883e+02 -1.800499359766642368e-02 -2.515960805266151146e+05
1.324302225315824444e+02 -4.526710679345097299e-03 -2.515960670483322174e+05
1.334924187660217285e+02 -1.682615652680397034e-02 -2.515960793477780535e+05
1.346097555160522461e+02 -2.092662205298741543e-02 -2.515960834482435894e+05
1.354048697049500447e+02 9.486615413525064993e-04 -2.515960615729599958e+05
1.365917608087713120e+02 -3.007285748467300891e-03 -2.515960655289072893e+05
1.374142608642578125e+02 -1.231973146786913276e-05 -2.515960625339412654e+05
1.384569469949473444e+02 1.162920481916786958e-02 -2.515960508924167079e+05
1.395848964344371552e+02 -4.950426744692253134e-03 -2.515960674720482784e+05
1.405683982155539695e+02 4.956025065797747646e-03 -2.515960575655964494e+05
1.414751118627087862e+02 4.440783683595986146e-04 -2.515960620775431453e+05
1.425267701990464104e+02 3.581861070558136576e-03 -2.515960589397604635e+05
1.436091273381159965e+02 1.029264926910400391e-02 -2.515960522289722576e+05
1.444219111124674555e+02 -1.719111369715796553e-03 -2.515960642407328996e+05
1.455403827485584145e+02 6.898913118574354769e-03 -2.515960556227084016e+05
1.466059033429181113e+02 -7.004997704500033184e-04 -2.515960632221213018e+05
1.474788558062384993e+02 -5.548096754971672609e-03 -2.515960680697182834e+05
1.485477327272664638e+02 -1.142396438248165919e-02 -2.515960739455859002e+05
1.493029751247829893e+02 1.634321830890796828e-02 -2.515960461784032232e+05
1.503684414950284065e+02 7.186652433992636070e-03 -2.515960553349691036e+05
1.514659199434168215e+02 -2.574676099945517275e-03 -2.515960650962976215e+05
1.524702453613281250e+02 -4.797931395325006308e-03 -2.515960673195529089e+05
1.535182606090198760e+02 -5.454949357292868638e-03 -2.515960679765708919e+05
1.543914388882911908e+02 -2.529680392162947811e-03 -2.515960650513019064e+05
1.555003299055428272e+02 1.163148194894023275e-02 -2.515960508901395660e+05
1.565437729779411882e+02 7.835816869548723612e-03 -2.515960546858046437e+05
1.574456113927504646e+02 1.039168180203905306e-02 -2.515960521299397224e+05
1.586214132869944820e+02 -3.761230438363318256e-03 -2.515960662828519708e+05
1.597007494839754997e+02 -5.961807839798204459e-03 -2.515960684834293788e+05
1.604108491785385979e+02 2.749218660242417483e-03 -2.515960597724028630e+05
1.613352457682291572e+02 -1.723770911876971838e-03 -2.515960642453924520e+05
1.625715512362393440e+02 -1.485364511609077454e-03 -2.515960640069860383e+05
1.634708397906759387e+02 -7.360461829365163786e-03 -2.515960698820833641e+05
1.645695865228309458e+02 -8.205478976231923849e-03 -2.515960707271005085e+05
1.657002897442511653e+02 6.611930499286771887e-03 -2.515960559096910292e+05
1.664105275472005303e+02 1.524293328088427261e-02 -2.515960472786882601e+05
1.674681164285410944e+02 -1.111127652119899044e-03 -2.515960636327491666e+05
1.685910061922940315e+02 -1.119238318818988227e-02 -2.515960737140047131e+05
1.694044651985168457e+02 -1.992280905445416913e-03 -2.515960645139024418e+05
1.703972364153180763e+02 3.687955439090728760e-03 -2.515960588336660876e+05
1.715096144369982767e+02 5.768322069710547437e-03 -2.515960567532994610e+05
1.724576578776041629e+02 3.943105538686116247e-03 -2.515960585785159783e+05
1.734314516129032313e+02 -6.555104768404396501e-03 -2.515960690767263004e+05
1.744859961307410003e+02 -6.148867534868644735e-03 -2.515960686704890686e+05
1.755425376172335632e+02 -6.896135379683296374e-03 -2.515960694177568948e+05
1.764857681516617163e+02 -5.338894627081654243e-03 -2.515960678605161665e+05
1.774657000373391611e+02 -6.116917904685525639e-03 -2.515960686385394365e+05
1.784686528986150620e+02 5.994893083668718058e-03 -2.515960565267284401e+05
1.794827665441176521e+02 6.232395670772377695e-03 -2.515960562892258458e+05
1.804200497795553702e+02 -9.345875906885838631e-05 -2.515960626150803000e+05
1.815094571500211202e+02 2.765754321673968754e-03 -2.515960597558672016e+05
1.825111422152132548e+02 -1.089872970237388237e-02 -2.515960734203512256e+05
1.834179832644578880e+02 8.363215903925701883e-03 -2.515960541584056336e+05
1.844201182047526117e+02 -2.717819975482092896e-03 -2.515960652394414938e+05
1.855184571639351248e+02 -4.150338794874108318e-03 -2.515960666719603178e+05
1.864416415306829720e+02 -2.541556153246151382e-03 -2.515960650631776662e+05
1.875211551489419435e+02 6.772137635591013970e-03 -2.515960557494839013e+05
1.885793748938519059e+02 -3.889334806497546414e-04 -2.515960629105550179e+05
1.894561873969681756e+02 6.977703046361240398e-03 -2.515960555439184827e+05
1.904836555149244361e+02 3.525359043176623346e-03 -2.515960589962624945e+05
1.915477841695149834e+02 -2.961545906685016886e-03 -2.515960654831674474e+05
1.925012075636121835e+02 -1.450804096681100434e-02 -2.515960770296624978e+05
1.934395286923362960e+02 -5.576664493197486597e-03 -2.515960680982860213e+05
1.945039594783339396e+02 6.046425002489903486e-03 -2.515960564751965285e+05
1.956515279857035239e+02 -1.870537167273197054e-03 -2.515960643921587034e+05
1.965318101092082657e+02 7.629179857610687149e-03 -2.515960548924416653e+05
1.975996692657470817e+02 4.895479977130889546e-03 -2.515960576261415554e+05
1.984493795727926511e+02 5.685615161108592379e-03 -2.515960568360063771e+05
1.993946222478693073e+02 -9.686029318607214042e-03 -2.515960722076508391e+05
2.005037641979399154e+02 -6.127412830080304455e-03 -2.515960686490343651e+05
2.014170727019614446e+02 6.251035852635160664e-03 -2.515960562705856864e+05
2.026249318276682345e+02 2.011918492855564213e-03 -2.515960605097030348e+05
2.034945858023260996e+02 -4.302005085343470377e-03 -2.515960668236266065e+05
2.044189695700621030e+02 -7.932023105458317278e-03 -2.515960704536446428e+05
2.053608460008052248e+02 -3.808382658930549794e-03 -2.515960663300041924e+05
2.065998224718817369e+02 2.121550255808337011e-03 -2.515960604000712628e+05
2.075654153534860313e+02 -4.026818757105355556e-03 -2.515960665484402853e+05
2.084660656047317104e+02 1.704912328120297693e-03 -2.515960608167091850e+05
2.095242097106161054e+02 -9.851043234394571760e-03 -2.515960723726647557e+05
2.105422444848970258e+02 -4.128321341472103966e-03 -2.515960666499428626e+05
2.114661456168965969e+02 6.051659161317433401e-03 -2.515960564699623792e+05
2.124202476034359108e+02 3.243183755144781084e-04 -2.515960621973031375e+05
2.135753941391453736e+02 -6.536762521724507995e-03 -2.515960690583840478e+05
2.146521814858041068e+02 3.288782951308459601e-03 -2.515960592328385683e+05
2.154481211817541748e+02 1.106590448423873559e-02 -2.515960514557170391e+05
2.165216897601730182e+02 6.111014108716344637e-03 -2.515960564106074162e+05
2.174906394264914695e+02 -5.273487983327923090e-04 -2.515960630489703326e+05
2.184117213893581209e+02 -1.523484088279105459e-03 -2.515960640451056242e+05
2.193989556495179443e+02 -9.069281055572185526e-04 -2.515960634285496199e+05
2.203851410461975604e+02 -1.504230785656261683e-03 -2.515960640258523053e+05
2.214335474814137967e+02 -5.988610447734914579e-04 -2.515960631204825768e+05
2.224289232674291554e+02 7.282618412190238139e-04 -2.515960617933596950e+05
2.236509609535092125e+02 -7.055211262624772224e-04 -2.515960632271426439e+05
2.245497840245564873e+02 -2.010120078921318054e-03 -2.515960645317416056e+05
2.255346449248644660e+02 -7.002545051834210312e-03 -2.515960695241665817e+05
2.264980791319219691e+02 8.212242719422967185e-03 -2.515960543093788147e+05
2.274641145070393975e+02 -4.487858326346786352e-03 -2.515960670094798552e+05
2.285286729079026316e+02 -9.568436023516532296e-04 -2.515960634784651338e+05
2.296607592773437432e+02 4.437287151813507232e-04 -2.515960620778927987e+05
2.305179999705111129e+02 6.656220203705048074e-04 -2.515960618559995200e+05
2.315208994547525947e+02 -3.580480229620840280e-04 -2.515960628796695382e+05
2.324233898515460908e+02 3.759692696964039675e-03 -2.515960587619288417e+05
2.334571411650059645e+02 1.246654970497734728e-03 -2.515960612749665452e+05
2.344443332248263800e+02 6.402154145417390113e-03 -2.515960561194673937e+05
2.353703507643479611e+02 1.394434158618633587e-03 -2.515960611271873640e+05
2.364569190392127496e+02 -6.536344381479116880e-03 -2.515960690579659131e+05
2.374635146291632282e+02 2.928328792951260216e-03 -2.515960595932927390e+05
2.384031639099121094e+02 -2.643973256150881305e-03 -2.515960651655947731e+05
2.394203731652462182e+02 9.725097604472227519e-04 -2.515960615491117642e+05
2.404792426476111871e+02 -8.236929392203306329e-04 -2.515960633453144692e+05
2.413864668412641947e+02 1.628829493667140194e-03 -2.515960608927920402e+05
2.425373248183936425e+02 -2.469721070507116447e-04 -2.515960627685936342e+05
2.434888810992538311e+02 6.530332446395607782e-03 -2.515960559912890894e+05
2.444679120381673272e+02 -2.433162099785275093e-03 -2.515960649547836219e+05
2.454801962716238961e+02 2.853466168282524015e-03 -2.515960596681553579e+05
2.464987053504356993e+02 1.733477490070538599e-03 -2.515960607881440374e+05
2.473976607549758171e+02 7.393931585644919133e-03 -2.515960551276899350e+05
2.484805011171283127e+02 -7.951423977360580486e-03 -2.515960704730455182e+05
2.494118170254472489e+02 2.809523384352237071e-03 -2.515960597120981547e+05
2.504006964172979792e+02 6.214510043194531848e-04 -2.515960619001705199e+05
2.513939076085244437e+02 7.098000536682785161e-03 -2.515960554236210010e+05
2.524095937650497774e+02 -6.273449419840285970e-04 -2.515960631489664665e+05
2.533792667877979738e+02 -5.903050430819519780e-03 -2.515960684246719466e+05
2.545175102957843762e+02 3.521837239717915324e-04 -2.515960621694377915e+05
2.554561501639229846e+02 2.136818425995962861e-03 -2.515960603848031024e+05
2.564561030690263124e+02 -4.244966235587267767e-03 -2.515960667665877554e+05
2.575386793301883017e+02 7.177943868519023191e-03 -2.515960553436776681e+05
2.585327795119512757e+02 -1.738587778712075930e-03 -2.515960642602092994e+05
2.595786192732858808e+02 -4.724277208929192340e-03 -2.515960672458987392e+05
2.604506892451533417e+02 -2.150656586443936303e-03 -2.515960646722781239e+05
2.615144723962854414e+02 -2.980900859391247704e-03 -2.515960655025223969e+05
2.624965137134898896e+02 2.200818874619224052e-03 -2.515960603208026441e+05
2.635255469912574426e+02 -6.528163523901076189e-03 -2.515960690497850592e+05
2.644906704271610920e+02 9.018305077481625831e-04 -2.515960616197910276e+05
2.655399697684612192e+02 -3.046062519841461532e-03 -2.515960655676840397e+05
2.664191862339711747e+02 3.788568551027322266e-03 -2.515960587330529816e+05
2.674076832616052002e+02 5.419685397037240365e-03 -2.515960571019361378e+05
2.684499176703558874e+02 8.026394844055175642e-03 -2.515960544952266791e+05
2.695208270566683382e+02 -2.003464081608657271e-03 -2.515960645250856178e+05
2.705131060352641725e+02 3.738491245396229415e-03 -2.515960587831302837e+05
2.714936152564154668e+02 1.913415681984689549e-03 -2.515960606082058512e+05
2.725843284243629228e+02 -9.316272205776639226e-03 -2.515960718378937454e+05
2.736262232978562565e+02 -1.084187295701768755e-03 -2.515960636058088276e+05
2.746037735122818049e+02 1.790682072038049175e-03 -2.515960607309394691e+05
2.754490616923631023e+02 -5.735296191591204677e-03 -2.515960682569177297e+05
2.764786747349886582e+02 4.195349448415461140e-03 -2.515960583262720902e+05
2.775759472969251078e+02 -1.882298307104425137e-03 -2.515960644039198232e+05
2.785865678333100846e+02 -7.490852522471594735e-03 -2.515960700124740542e+05
2.795507088276877425e+02 -1.376713982862026470e-03 -2.515960638983355020e+05
2.804542117648654767e+02 4.144173198276096190e-03 -2.515960583774483239e+05
2.815386444178249121e+02 -2.692803445010955293e-03 -2.515960652144249761e+05
2.824487499558782133e+02 2.824202838192982085e-03 -2.515960596974186774e+05
2.834192778942631890e+02 1.392511877359128413e-03 -2.515960611291096429e+05
2.844554395024080691e+02 3.982560350472882899e-05 -2.515960624817959324e+05
2.854407866272745196e+02 -4.000521913359436632e-03 -2.515960665221434319e+05
2.865562409431703372e+02 -1.543873740780738043e-03 -2.515960640654952731e+05
2.874655717778252892e+02 -6.115083275932296433e-04 -2.515960631331298500e+05
2.884564674660011292e+02 2.609820719118471476e-03 -2.515960599118008104e+05
2.894536159027413191e+02 5.641348221722771242e-03 -2.515960568802733032e+05
2.904982539522475236e+02 -2.599341454713240823e-03 -2.515960651209629723e+05
2.915301851908365620e+02 1.180791109800338788e-03 -2.515960613408304052e+05
2.925296489854063680e+02 4.238114498629427969e-03 -2.515960582835070381e+05
2.935434835524786195e+02 1.051430220878313396e-04 -2.515960624164784967e+05
2.944751741536458098e+02 -3.165457646052042585e-03 -2.515960656870791863e+05
2.954482252003691087e+02 1.987779796316399821e-03 -2.515960605338417226e+05
2.966191439241976582e+02 9.238252649316797127e-03 -2.515960532833688776e+05
2.975436729592499319e+02 3.043269552853172127e-04 -2.515960622172945586e+05
2.984776994293811185e+02 2.813625699294678307e-03 -2.515960597079958243e+05
2.994198339288885222e+02 5.829152555176705594e-03 -2.515960566924689629e+05
3.004837863000525431e+02 1.157816305802138266e-03 -2.515960613638052309e+05
3.015858598528287189e+02 9.830951326119424967e-04 -2.515960615385263809e+05
3.024896663857377348e+02 -1.920655709967765629e-03 -2.515960644422772457e+05
3.035337267850352418e+02 4.384127338375665844e-03 -2.515960581374941976e+05
3.045119515578373921e+02 2.104968965633267387e-03 -2.515960604166525591e+05
3.054892557779947992e+02 2.786319785647921928e-03 -2.515960597353017365e+05
3.065723870171440808e+02 1.066525225286130488e-03 -2.515960614550962928e+05
3.075180705795939957e+02 -1.977136501899132495e-03 -2.515960644987580308e+05
3.084803577984950493e+02 -5.280002605083377286e-03 -2.515960678016241291e+05
3.095415898740681087e+02 -5.986540925269033531e-04 -2.515960631202756194e+05
3.104895509168836725e+02 -1.096083958943684829e-02 -2.515960734824611282e+05
3.114472839189160140e+02 3.597422906423459587e-03 -2.515960589241986163e+05
3.125285603750522228e+02 -4.228151897722115700e-03 -2.515960667497734248e+05
3.135236104329426894e+02 5.138773566637284095e-03 -2.515960573828479683e+05
3.145321647667810794e+02 4.734197880991522674e-03 -2.515960577874236333e+05
3.155500009994060520e+02 -3.520765151196752953e-03 -2.515960660423866648e+05
3.165177958170572765e+02 -3.916978836059570312e-03 -2.515960664386003627e+05
3.174846285306490472e+02 8.988534356211567902e-04 -2.515960616227680875e+05
3.185176672363281227e+02 -6.775783697764079221e-04 -2.515960631991999107e+05
3.195199706829814090e+02 -1.698492187084537980e-03 -2.515960642201137089e+05
3.205470688680484841e+02 -7.717564690509510356e-04 -2.515960632933779852e+05
3.214399524035754325e+02 2.070384698587137123e-03 -2.515960604512368154e+05
3.224962051498306437e+02 -9.569999499198717560e-04 -2.515960634786214796e+05
3.235237240261501483e+02 5.140108470287588389e-04 -2.515960620076106861e+05
3.244555539999942084e+02 4.182105602071971469e-03 -2.515960583395159338e+05
3.255214985469807516e+02 1.377869450468623006e-03 -2.515960611437520711e+05
3.264610651568636968e+02 -1.975223340623365794e-03 -2.515960644968448614e+05
3.274537945737932887e+02 3.985144911032698425e-03 -2.515960585364766011e+05
3.285006025567973893e+02 -1.517210393602832683e-04 -2.515960626733425597e+05
3.295990970270420348e+02 -1.871430130831917447e-03 -2.515960643930516671e+05
3.305373947411252971e+02 9.275457838125396098e-04 -2.515960615940757561e+05
3.315443827784338851e+02 2.099338612815206204e-03 -2.515960604222829279e+05
3.324368346683562550e+02 -4.044534352721360602e-03 -2.515960665661558742e+05
3.334854715036791504e+02 5.697353095663302853e-04 -2.515960619518862222e+05
3.345037191747649672e+02 1.570577059334855689e-03 -2.515960609510444629e+05
3.355103363011741635e+02 4.260691026797020810e-03 -2.515960582609304984e+05
3.364178658774621908e+02 2.747910960873864526e-03 -2.515960597737105563e+05
3.374052522720829188e+02 2.084116781911542465e-03 -2.515960604375047551e+05
3.384985564148541926e+02 3.985521284121911444e-03 -2.515960585361002304e+05
3.394711070873119070e+02 -1.143973845022696082e-03 -2.515960636655953713e+05
3.404780892409847297e+02 -2.247638621572720964e-03 -2.515960647692601488e+05
3.414884819555534818e+02 2.156837118996514022e-03 -2.515960603647844109e+05
3.425292686637435509e+02 1.054027141668857767e-03 -2.515960614675943798e+05
3.435026922173838670e+02 2.697314069570739496e-03 -2.515960598243074492e+05
3.445873051396122833e+02 2.950340054913024295e-03 -2.515960595712814829e+05
3.455438014842845860e+02 -1.503376129232807026e-03 -2.515960640249976423e+05
3.464979588190714708e+02 4.760704468935728073e-04 -2.515960620455510798e+05
3.473751363966200074e+02 3.346957100762261179e-03 -2.515960591746644350e+05
3.484683138699001574e+02 2.257278495364719011e-03 -2.515960602643430175e+05
3.495076392113745669e+02 8.120179732084830413e-04 -2.515960617096035567e+05
3.504566196326053387e+02 -4.923287304964932797e-03 -2.515960674449088401e+05
3.515206238598024697e+02 1.182191943796192211e-03 -2.515960613394295797e+05
3.525601145426432481e+02 1.984781689114040702e-03 -2.515960605368398246e+05
3.534642785713497801e+02 -2.542381064366486124e-04 -2.515960627758596384e+05
3.543979239021626313e+02 1.909785700919932987e-03 -2.515960606118358264e+05
3.554268261424282400e+02 -7.876640251069737773e-05 -2.515960626003879297e+05
3.564833319981892714e+02 -1.373521517962217331e-03 -2.515960638951430446e+05
3.574650285396618301e+02 3.427443717489179142e-04 -2.515960621788771532e+05
3.584779816056254163e+02 -1.546298352100496532e-03 -2.515960640679198841e+05
3.595260857171743964e+02 -1.944652650971244196e-03 -2.515960644662741688e+05
3.605048211904672257e+02 -4.468425216837825734e-04 -2.515960629684640444e+05
3.615443075710547873e+02 -2.330566161250865586e-03 -2.515960648521877010e+05
3.625052233161236472e+02 1.567722599019684025e-03 -2.515960609538989374e+05
3.635354059007432852e+02 -3.792111520413999140e-03 -2.515960663137330557e+05
3.645086746302616802e+02 1.546662144015402331e-03 -2.515960609749593714e+05
3.654913578879069860e+02 -2.472529270378826752e-03 -2.515960649941508018e+05
3.664656391226367873e+02 1.089124839543264243e-03 -2.515960614324966737e+05
3.675135060058317436e+02 2.074862578931203124e-03 -2.515960604467589583e+05
3.684766199593591978e+02 -1.336156738677410104e-05 -2.515960625349830952e+05
3.694990757533482224e+02 4.299229454426537964e-03 -2.515960582223920792e+05
3.704602275240248446e+02 -2.216444283291913505e-03 -2.515960647380658193e+05
3.715433140610203395e+02 1.601138861492426655e-03 -2.515960609204826760e+05
3.725261336853182570e+02 6.516942541107876782e-03 -2.515960560046789760e+05
3.734999362660103088e+02 -2.487882667658280187e-04 -2.515960627704098006e+05
3.744204982939220372e+02 -1.680400825682140577e-03 -2.515960642020223604e+05
3.754980766669853551e+02 -2.915204321587836021e-03 -2.515960654368258547e+05
3.764619036639178375e+02 -4.112088533095371520e-03 -2.515960666337100556e+05
3.774796233967663852e+02 1.102484802511286520e-03 -2.515960614191367349e+05
3.784718971800005534e+02 4.790587858720259627e-03 -2.515960577310336812e+05
3.794238277207936676e+02 -1.892396814249472283e-03 -2.515960644140183285e+05
3.804993567745115115e+02 2.209766211931763966e-03 -2.515960603118553117e+05
3.815373202416204776e+02 -3.656114814102008701e-03 -2.515960661777363275e+05
3.824890336369685429e+02 -1.328085395800035224e-03 -2.515960638497069303e+05
3.834790100906834596e+02 2.510482163140267866e-03 -2.515960600111393724e+05
3.844884957918556552e+02 -2.947468142355641994e-03 -2.515960654690896627e+05
3.855057954576280395e+02 -2.019938716182002360e-03 -2.515960645415602485e+05
3.865485107229334858e+02 -1.946449530488183598e-03 -2.515960644680710684e+05
3.875249259111550373e+02 1.875389066542157510e-03 -2.515960606462324504e+05
3.885145661941682533e+02 -1.434204193076702100e-03 -2.515960639558257244e+05
3.894827854551118094e+02 -1.835364377361604557e-03 -2.515960643569859094e+05
3.905609521511456705e+02 3.322994318923484748e-04 -2.515960621893220814e+05
3.914643892367210469e+02 6.600694073257596869e-03 -2.515960559209274652e+05
3.925422725430698279e+02 -2.207828757943595694e-03 -2.515960647294502705e+05
3.934659104206152733e+02 4.872686176375289144e-04 -2.515960620343529154e+05
3.944703835986909439e+02 -1.527605075684804799e-03 -2.515960640492266102e+05
3.954926843475877263e+02 -1.159307087606389203e-03 -2.515960636809286079e+05
3.965264661139701730e+02 5.040098119665075392e-03 -2.515960574815233995e+05
3.975363285533168778e+02 -3.301344419780530542e-03 -2.515960658229659603e+05
3.984638304371335948e+02 5.307991097085234568e-03 -2.515960572136304399e+05
3.994572929486836301e+02 9.504455953972525085e-04 -2.515960615711759310e+05
4.005324602762858035e+02 2.857527385155359759e-03 -2.515960596640941512e+05
4.015055226045496397e+02 -2.561206618944803946e-04 -2.515960627777421905e+05
4.024388854617164384e+02 -2.107630409891643290e-03 -2.515960646292519232e+05
4.034904533054517515e+02 2.528785315496718134e-03 -2.515960599928362062e+05
4.044608479405308685e+02 -3.307183852066864979e-03 -2.515960658288053819e+05
4.054744532194068825e+02 -2.867397430131761200e-03 -2.515960653890189424e+05
4.064128923615651274e+02 -5.362605117521192753e-03 -2.515960678842266498e+05
4.074642171223958371e+02 -3.928631595057300446e-03 -2.515960664502531290e+05
4.084370497483473628e+02 1.876199062053973774e-03 -2.515960606454224617e+05
4.095025956449453020e+02 -1.423198686182847389e-04 -2.515960626639413822e+05
4.104907181777793994e+02 -4.424416290232970434e-06 -2.515960625260459492e+05
4.114954579162597383e+02 4.586811860402425188e-04 -2.515960620629403275e+05
4.125360181254725376e+02 -2.496756105867338048e-03 -2.515960650183776452e+05
4.135150841309545626e+02 3.591869542008487275e-03 -2.515960589297519764e+05
4.144992423809056845e+02 -1.695160309362832686e-03 -2.515960642167818442e+05
4.155068847288013671e+02 2.212327529941748513e-03 -2.515960603092940000e+05
4.164663196241999117e+02 -1.092013106288680082e-03 -2.515960636136346438e+05
4.174821907807536832e+02 2.086316879911094893e-03 -2.515960604353046510e+05
4.185206582247636788e+02 1.619619699571863097e-04 -2.515960623596595542e+05
4.195874403458208803e+02 -1.912218002520938353e-03 -2.515960644338395214e+05
4.204764736399931166e+02 -4.308154068741143657e-03 -2.515960668297756056e+05
4.214582753261614698e+02 2.278082191870807720e-03 -2.515960602435393375e+05
4.224842243130359520e+02 -1.137353956498682360e-03 -2.515960636589754722e+05
4.234814423058420516e+02 1.698835925711395228e-03 -2.515960608227855992e+05
4.245131793244515279e+02 -1.746691724796987000e-04 -2.515960626962906972e+05
4.254657233445403222e+02 3.092529761850537195e-03 -2.515960594290917506e+05
4.265292528583352123e+02 2.125250784706730553e-03 -2.515960603963707399e+05
4.275070749918619981e+02 2.209240511844032771e-03 -2.515960603123810142e+05
4.284849099260035814e+02 3.202709143723898866e-03 -2.515960593189123902e+05
4.295516463164311176e+02 -1.594648543436815889e-03 -2.515960641162700776e+05
4.305345670729041672e+02 3.206173007150919709e-03 -2.515960593154485105e+05
4.314534352620442519e+02 -9.333453037672572545e-04 -2.515960634549668175e+05
4.324549879916878581e+02 -3.130277737166530395e-03 -2.515960656518992619e+05
4.335630315826372794e+02 -2.264825177966119205e-04 -2.515960627481040428e+05
4.345512480314787354e+02 1.347828985334516587e-03 -2.515960611737925501e+05
4.355203373152325526e+02 -3.041629686788400577e-03 -2.515960655632512062e+05
4.365389403140906097e+02 2.958281812342730189e-04 -2.515960622257933428e+05
4.374713275739214282e+02 -4.898336079400445082e-04 -2.515960630114551459e+05
4.384877209455487446e+02 1.382867243722521195e-03 -2.515960611387542740e+05
4.395152047308743590e+02 4.294864378258403566e-03 -2.515960582267571590e+05
4.405319706545037661e+02 -1.235008913244904725e-03 -2.515960637566304358e+05
4.414746956347127025e+02 1.038702199775675024e-03 -2.515960614829193219e+05
4.424820257822672716e+02 -7.375136017799377441e-03 -2.515960698967575445e+05
4.434870689755394437e+02 -7.950674919855026807e-04 -2.515960633166890184e+05
4.444416820910549859e+02 -1.210575533467669835e-04 -2.515960626426790841e+05
4.455068340295032954e+02 -5.309099734659872716e-04 -2.515960630525315064e+05
4.465450056336766806e+02 -1.953868128412919285e-03 -2.515960644754896639e+05
4.474953855094262849e+02 -1.389232227357767389e-03 -2.515960639108537580e+05
4.485007881164550554e+02 -5.150795914232730865e-05 -2.515960625731294858e+05
4.495335729655711816e+02 2.712688722147814629e-03 -2.515960598089327978e+05
4.505371015289260868e+02 -2.140149229132362867e-03 -2.515960646617707680e+05
4.515255129254601343e+02 -4.440372346213500299e-03 -2.515960669619938708e+05
4.524951716775426007e+02 8.146338787292427362e-04 -2.515960617069876462e+05
4.535078196256354772e+02 -7.171484081748950596e-04 -2.515960632387699443e+05
4.544763220398869521e+02 2.884740206464451225e-03 -2.515960596368813131e+05
4.554856799732555146e+02 -2.383241110076807939e-04 -2.515960627599456348e+05
4.565182484747136868e+02 -6.650970302353398584e-04 -2.515960631867185584e+05
4.574827820166152605e+02 2.559798271382222233e-05 -2.515960624960235436e+05
4.585480114286414732e+02 -6.712596951834493529e-03 -2.515960692342184775e+05
4.595421679250176226e+02 -4.248674784865334860e-04 -2.515960629464889935e+05
4.604341144569174844e+02 5.058478198005157342e-03 -2.515960574631433410e+05
4.614815871863613097e+02 -1.593858872378582647e-03 -2.515960641154804034e+05
4.625288024652199397e+02 4.817052372817784509e-04 -2.515960620399162872e+05
4.635044343452514681e+02 2.037923682059207368e-03 -2.515960604836978309e+05
4.645121446240767682e+02 9.875692613781762545e-04 -2.515960615340522781e+05
4.655088482972091697e+02 5.888171428072769059e-04 -2.515960619328043831e+05
4.665074164240614891e+02 -2.061267468914295721e-03 -2.515960645828889974e+05
4.675289548422403527e+02 -2.459491700557886722e-03 -2.515960649811132171e+05
4.684749123569334301e+02 1.168451388586753742e-03 -2.515960613531701383e+05
4.694914415757432948e+02 4.586479074949269090e-03 -2.515960579351424531e+05
4.704875651127150036e+02 -4.634339602387585466e-03 -2.515960671559611219e+05
4.715292225659378005e+02 9.899666800408505642e-04 -2.515960615316548501e+05
4.724749591064453398e+02 1.129186153411865256e-04 -2.515960624087029137e+05
4.735222387466838541e+02 -1.448415817423937772e-03 -2.515960639700373576e+05
4.744616851806640625e+02 -1.623531375502305571e-03 -2.515960641451528936e+05
4.754386366752729032e+02 7.506293248912515419e-04 -2.515960617709922080e+05
4.764716984503659774e+02 1.198245134612487929e-05 -2.515960625096390722e+05
4.774597114114200167e+02 5.587653285648976412e-04 -2.515960619628562126e+05
4.784998662429304659e+02 1.795843054016734537e-03 -2.515960607257784868e+05
4.795276732959335391e+02 1.304346594593221945e-03 -2.515960612172749243e+05
4.805445301458027529e+02 -2.013565977754076634e-03 -2.515960645351874991e+05
4.815542643151808875e+02 -7.023880085866563133e-04 -2.515960632240095292e+05
4.825791772614484785e+02 3.132739756842079296e-03 -2.515960593888817821e+05
4.835348145679761274e+02 1.515076866233220536e-04 -2.515960623701138538e+05
4.845527369694806339e+02 -8.428398278263753325e-04 -2.515960633644613554e+05
4.855081309544220858e+02 -1.486093488358359357e-03 -2.515960640077150019e+05
4.864904309151521034e+02 -5.763628752754882539e-03 -2.515960682852502796e+05
4.874924288379902464e+02 -1.604095557514502056e-03 -2.515960641257170937e+05
4.884710235405206618e+02 2.678893180970990696e-03 -2.515960598427283403e+05
4.895182814667190314e+02 2.441023282958689530e-04 -2.515960622775192023e+05
4.905174580468071781e+02 -2.123346924781799230e-03 -2.515960646449684573e+05
4.914893036918279563e+02 1.583282281512673507e-03 -2.515960609383392439e+05
4.925139686085041149e+02 -6.548103911358831497e-04 -2.515960631764319260e+05
4.935229412609067481e+02 2.452202242092306386e-03 -2.515960600694192981e+05
4.945838425388539576e+02 -6.536996802966931440e-03 -2.515960690586183337e+05
4.955257912938616869e+02 -8.237741995548856274e-04 -2.515960633453957271e+05
4.965664383594619835e+02 6.599741734317847094e-03 -2.515960559218798007e+05
4.975033603180258410e+02 -1.475867642196530176e-03 -2.515960639974891674e+05
4.984479542822386975e+02 -2.274618813054478730e-03 -2.515960647962403309e+05
4.994945792230431039e+02 -3.225126416210967201e-03 -2.515960657467479468e+05
5.004870569866487244e+02 -1.516781273444468923e-03 -2.515960640384028084e+05
5.014240523428287020e+02 1.153082442733476768e-03 -2.515960613685390854e+05
5.024379234535492174e+02 5.207869649348774140e-04 -2.515960620008345577e+05
5.034712995377378775e+02 -1.686064842250520335e-03 -2.515960642076863733e+05
5.044896614736617835e+02 1.017214024447959291e-03 -2.515960615044074948e+05
5.054814332326253066e+02 -7.563603274962481075e-03 -2.515960700852248119e+05
5.065009290534497950e+02 1.627146251617916060e-03 -2.515960608944752894e+05
5.075019812474354808e+02 9.736805593956765785e-04 -2.515960615479409753e+05
5.084713763916155926e+02 -2.394238284214790676e-04 -2.515960627610453521e+05
5.094933748200465971e+02 -9.864638668830405348e-04 -2.515960635080853826e+05
5.105135109003559251e+02 -6.386656995352781854e-04 -2.515960631602872163e+05
5.115455513451398133e+02 5.202876760604534159e-04 -2.515960620013338630e+05
5.124789323161419361e+02 -4.315005507983062094e-03 -2.515960668366270256e+05
5.135327773266815257e+02 4.406071706359901245e-04 -2.515960620810143591e+05
5.144417108927231084e+02 -1.097734318029411999e-03 -2.515960636193558457e+05
5.154855176774182155e+02 1.098646767750714130e-03 -2.515960614229747734e+05
5.165229121072543421e+02 -5.194025629894741085e-03 -2.515960677156471647e+05
5.175320687625377332e+02 2.709853213864024495e-03 -2.515960598117683257e+05
5.185239229591943513e+02 3.737922637693343736e-03 -2.515960587836988852e+05
5.195931252694797422e+02 1.471799229082990405e-04 -2.515960623744415934e+05
5.205497605942234713e+02 3.728666016549775277e-03 -2.515960587929555040e+05
5.214550550861779357e+02 8.578356550130279094e-04 -2.515960616637858620e+05
5.224571817758920815e+02 4.331809174907099921e-03 -2.515960581898123492e+05
5.234849283710003647e+02 -2.006717864341499291e-03 -2.515960645283393969e+05
5.244528010002920837e+02 8.208831522695000764e-04 -2.515960617007383844e+05
5.254763702613034866e+02 -1.631529215565652837e-03 -2.515960641531507426e+05
5.265563954035441157e+02 1.302310948570569414e-03 -2.515960612193105917e+05
5.274855454518244642e+02 -9.760763496160507202e-04 -2.515960634976978763e+05
5.284743351264287412e+02 3.405737663542130790e-03 -2.515960591158838652e+05
5.294813449313571709e+02 -1.175461946664987760e-03 -2.515960636970834748e+05
5.305649974498113579e+02 1.718200402816540129e-03 -2.515960608034211327e+05
5.315357806878051861e+02 -8.687164813502225476e-04 -2.515960633903380076e+05
5.325584145883412930e+02 -1.356089543073605175e-03 -2.515960638777110726e+05
5.335050624906660914e+02 7.223293203037129849e-04 -2.515960617992922198e+05
5.345024610114819552e+02 -2.108302983370694168e-03 -2.515960646299245127e+05
5.355080454341700715e+02 -3.681572734332475396e-04 -2.515960628897788120e+05
5.365001953781292059e+02 -6.978197123414726141e-04 -2.515960632194412465e+05
5.374891548118781657e+02 9.956168891185552053e-04 -2.515960615260046325e+05
5.384930285715917080e+02 -2.622650380720172210e-03 -2.515960651442719100e+05
5.394577575668331519e+02 3.032065713724573820e-03 -2.515960594895558024e+05
5.404853809364213930e+02 -1.528163986093193779e-03 -2.515960640497855202e+05
5.415522127747211698e+02 3.284042916629445236e-05 -2.515960624887810845e+05
5.425193782124949848e+02 -4.022403755679753931e-03 -2.515960665440252924e+05
5.434581288809728221e+02 3.472534394023394418e-03 -2.515960590490871400e+05
5.444424986883692554e+02 -2.024528478554951140e-03 -2.515960645461500098e+05
5.455214780699839139e+02 -4.209187845833385622e-03 -2.515960667308093689e+05
5.465121519105289281e+02 1.069410198830908357e-03 -2.515960614522113174e+05
5.474921800961431018e+02 3.857904253385118117e-03 -2.515960586637172673e+05
5.485221858892000455e+02 -1.373641376064004254e-03 -2.515960638952628942e+05
5.495126951381138269e+02 5.788418792542957513e-04 -2.515960619427796337e+05
5.505426853638899729e+02 -3.367523469868496412e-03 -2.515960658891449857e+05
5.515262352332437104e+02 -3.884596393463459548e-04 -2.515960629100811784e+05
5.524848384462553668e+02 -9.385030022982893084e-04 -2.515960634601245401e+05
5.534982706705728788e+02 1.195328404205013920e-03 -2.515960613262931292e+05
5.545142671743285518e+02 -1.423347063789865254e-03 -2.515960639449685987e+05
5.554692682043298646e+02 -3.600857732615945616e-03 -2.515960661224792711e+05
5.564752811107759953e+02 -1.868751508737701147e-03 -2.515960643903730379e+05
5.575697038714712335e+02 5.104764729705876585e-04 -2.515960620111450553e+05
5.584608530195932872e+02 1.124186238283833529e-03 -2.515960613974352891e+05
5.594848479433998136e+02 2.503644617110336538e-03 -2.515960600179769099e+05
5.604894528636874611e+02 2.163841090071091759e-03 -2.515960603577804286e+05
5.615139734637748461e+02 -3.612785026280566675e-04 -2.515960628829000343e+05
5.625564428456817723e+02 2.693838200371832456e-03 -2.515960598277833196e+05
5.635318275497769491e+02 5.808082750817887682e-04 -2.515960619408132625e+05
5.645371231922279094e+02 -2.195037622502781036e-03 -2.515960647166591370e+05
5.655088951718794306e+02 1.681519946131508235e-03 -2.515960608401015925e+05
5.664612697856894101e+02 3.781439944473152944e-04 -2.515960621434775239e+05
5.675240748087564953e+02 8.458320051431655450e-04 -2.515960616757895332e+05
5.684883247389965391e+02 3.670322374781802115e-03 -2.515960588512991380e+05
5.694918329391621228e+02 2.146294579825587859e-04 -2.515960623069920694e+05
5.705109955796531267e+02 2.427081659263782224e-03 -2.515960600945398619e+05
5.714567407906685048e+02 7.452128829003296486e-04 -2.515960617764086346e+05
5.724726464752822039e+02 -1.312947251055271696e-03 -2.515960638345687767e+05
5.734938577244424778e+02 -2.147007803631644125e-03 -2.515960646686293185e+05
5.745256167785432808e+02 -9.264801031531172664e-05 -2.515960626142695255e+05
5.754539749771090555e+02 -6.102381968030743059e-04 -2.515960631318597298e+05
5.765304135094554567e+02 -1.296686980528773212e-03 -2.515960638183084957e+05
5.774914862171757477e+02 5.029592611143187319e-04 -2.515960620186622546e+05
5.784604286392794847e+02 -3.611810862331262949e-04 -2.515960628828026238e+05
5.795017482295180571e+02 2.844368643832929141e-04 -2.515960622371846694e+05
5.805447616577148438e+02 -1.391400297482808454e-03 -2.515960639130218187e+05
5.815173053374992378e+02 -1.302912272342496899e-03 -2.515960638245338050e+05
5.824436134768523061e+02 -1.450972198614616749e-03 -2.515960639725937217e+05
5.834821161326476613e+02 -3.050074999845480556e-03 -2.515960655716965266e+05
5.845104555309328589e+02 1.416417778047740928e-03 -2.515960611052037566e+05
5.855434650691447587e+02 -2.655764597373226968e-03 -2.515960651773861318e+05
5.865566082870751643e+02 2.132719650603177169e-03 -2.515960603889018821e+05
5.874828784090258296e+02 3.805670327755994583e-04 -2.515960621410544845e+05
5.884470447059768503e+02 -2.025998547839219510e-03 -2.515960645476200734e+05
5.894777800159105254e+02 -4.575570009395907821e-03 -2.515960670971915242e+05
5.905057530433126658e+02 2.151332454218697534e-03 -2.515960603702890803e+05
5.915517330747661617e+02 -1.758461287527373447e-03 -2.515960642800828209e+05
5.924837013818884088e+02 7.491934684015089801e-04 -2.515960617724280455e+05
5.934781556798856172e+02 1.847187333980852006e-03 -2.515960606744341785e+05
5.944503776190792905e+02 1.055940751629974139e-04 -2.515960624160274456e+05
5.954721241461013506e+02 2.374582584325459628e-03 -2.515960601470389520e+05
5.965106992877344965e+02 8.000645284884286268e-05 -2.515960624416150677e+05
5.974629018121769377e+02 8.017899435194556705e-05 -2.515960624414425401e+05
5.984684573253953204e+02 -2.011488719158861880e-03 -2.515960645331102423e+05
5.995067804791600565e+02 -1.814770214448725542e-03 -2.515960643363917479e+05
6.005025839337084790e+02 -2.305695504853219526e-03 -2.515960648273170227e+05
6.014509049583166416e+02 -2.060715103555665201e-03 -2.515960645823366358e+05
6.024899660834355473e+02 1.314608751580382878e-03 -2.515960612070127681e+05
6.034943725585937955e+02 1.802996081164759444e-03 -2.515960607186254347e+05
6.044773107458044024e+02 -1.819386698090981165e-03 -2.515960643410082266e+05
6.054592978337541354e+02 -8.767835157619278605e-04 -2.515960633984050364e+05
6.064779794702033087e+02 -2.179938093369229203e-03 -2.515960647015596332e+05
6.075033541849907124e+02 -1.043386964608501895e-03 -2.515960635650084878e+05
6.084928037003719510e+02 -3.096061659375151046e-03 -2.515960656176831981e+05
6.095143042831211915e+02 9.196379153054397900e-04 -2.515960616019836161e+05
6.104997855944511684e+02 2.347670169617435600e-03 -2.515960601739513513e+05
6.115017252493895512e+02 -2.081541511101451213e-03 -2.515960646031630458e+05
6.124931169941987719e+02 1.969440214330235182e-04 -2.515960623246775067e+05
6.135030570081485166e+02 -2.399178750264536336e-03 -2.515960649208002724e+05
6.144560226349370851e+02 -8.516564190336912152e-04 -2.515960633732779534e+05
6.154621392420900747e+02 -3.705186007695043132e-04 -2.515960628921401221e+05
6.164976161916143838e+02 -6.302239733380995859e-05 -2.515960625846439216e+05
6.175553747792799868e+02 2.951793521862605078e-03 -2.515960595698280085e+05
6.185080880194353767e+02 1.714785796245426718e-03 -2.515960608068357396e+05
6.194979126155814129e+02 -9.990492931371568099e-04 -2.515960635206708102e+05
6.205247860211427451e+02 1.580640161340368492e-03 -2.515960609409813769e+05
6.214750809084390539e+02 8.558754183819904842e-04 -2.515960616657461214e+05
6.224794751465856280e+02 -7.043430207100257780e-04 -2.515960632259645499e+05
6.235085995218565813e+02 2.281383102924380932e-03 -2.515960602402384102e+05
6.244808002048068829e+02 1.521859731939103916e-03 -2.515960609997618012e+05
6.254739437590761781e+02 1.647262300520309624e-03 -2.515960608743592165e+05
6.264956007290236357e+02 -4.090022691440233101e-04 -2.515960629306237970e+05
6.275177915835949989e+02 -2.001882241816590590e-03 -2.515960645235037664e+05
6.285331874125067770e+02 -5.760388754902871083e-03 -2.515960682820102957e+05
6.295202912647062021e+02 3.760947030480011038e-04 -2.515960621455268119e+05
6.304952319707625747e+02 -1.469352401984043541e-04 -2.515960626685567549e+05
6.314802794807683313e+02 -1.059194179584152734e-03 -2.515960635808157094e+05
6.324937385627815729e+02 -3.630829287004900228e-04 -2.515960628847044427e+05
6.334551654321759315e+02 -2.440349622206254316e-04 -2.515960627656564757e+05
6.345446427791176802e+02 -2.068782546109534676e-03 -2.515960645904040721e+05
6.355364984467273644e+02 2.619400362330158959e-03 -2.515960599022211682e+05
6.364903908306862377e+02 -1.402936575613615610e-03 -2.515960639245581115e+05
6.375331174240899372e+02 -3.083977912299821524e-03 -2.515960656055994332e+05
6.385155324696462458e+02 1.530569559567934593e-03 -2.515960609910519561e+05
6.394899717778931745e+02 -1.677956259200341508e-03 -2.515960641995777842e+05
6.405400133138600722e+02 8.840753574563998832e-04 -2.515960616375461686e+05
6.414697595294281882e+02 1.709257896965341245e-04 -2.515960623506957490e+05
6.424617606851671781e+02 8.154090738966124742e-04 -2.515960617062124657e+05
6.434994788100203778e+02 5.716478444665551656e-04 -2.515960619499736931e+05
6.445019363990196553e+02 -2.265109274631891406e-03 -2.515960647867307998e+05
6.455028879197977858e+02 -7.054064485986353454e-04 -2.515960632270279748e+05
6.465194160360596243e+02 -9.660054758606853066e-04 -2.515960634876269905e+05
6.474883870254328713e+02 8.161641013475111946e-04 -2.515960617054574250e+05
6.484736593054982450e+02 3.847599998230011721e-04 -2.515960621368615248e+05
6.495049280102811053e+02 4.483381434444158424e-03 -2.515960580382400949e+05
6.504733131479183612e+02 2.601506571102074551e-05 -2.515960624956064567e+05
6.514616142443261424e+02 -3.305239926402062990e-04 -2.515960628521455219e+05
6.524839450463898629e+02 1.260454663758948674e-03 -2.515960612611668766e+05
6.535014942956348705e+02 1.086999499608599885e-03 -2.515960614346220391e+05
6.545120562877239081e+02 1.200491691304144499e-03 -2.515960613211298478e+05
6.555464379956459879e+02 -2.035241501004088121e-04 -2.515960627251456899e+05
6.565024528615285817e+02 6.800605404761529997e-04 -2.515960618415609933e+05
6.574853631052029641e+02 1.371685501669539986e-03 -2.515960611499360239e+05
6.584774712456596717e+02 -1.386820236382456774e-03 -2.515960639084417489e+05
6.594902480170418357e+02 -3.111005105994417257e-03 -2.515960656326266471e+05
6.604916239533811222e+02 1.829650568681951729e-03 -2.515960606919709535e+05
6.615334852399869305e+02 1.155457345608672465e-03 -2.515960613661641837e+05
6.624399634564557573e+02 -7.011400435192576951e-04 -2.515960632227615570e+05
6.634517927656037273e+02 4.378117808349111552e-03 -2.515960581435037311e+05
6.644969832546026964e+02 -1.733317203408661774e-04 -2.515960626949532598e+05
6.655119569893219023e+02 3.925703360149391434e-04 -2.515960621290511917e+05
6.665593354468252301e+02 -1.025922158185173585e-03 -2.515960635475436866e+05
6.675336076325061185e+02 1.567847507881747543e-03 -2.515960609537740238e+05
6.685160725474869423e+02 -8.917089354497339040e-04 -2.515960634133304702e+05
6.694969067851071713e+02 -9.543168008642852369e-04 -2.515960634759383393e+05
6.704995471639758762e+02 -3.312917525621230427e-03 -2.515960658345390402e+05
6.715032347918235018e+02 9.387056650894504920e-04 -2.515960615829158633e+05
6.724755334663934718e+02 2.199941550904189851e-03 -2.515960603216799791e+05
6.734397129521343004e+02 1.028045352670398392e-04 -2.515960624188169895e+05
6.744638371656590152e+02 6.389270807102641727e-05 -2.515960624577288108e+05
6.754426754324776994e+02 -2.985047839936755786e-03 -2.515960655066693726e+05
6.765188246341488139e+02 -7.279841736445894721e-04 -2.515960632496057078e+05
6.775297105577257071e+02 -1.737423387228273790e-04 -2.515960626953638566e+05
6.785213876808370514e+02 2.369149301850270012e-04 -2.515960622847065970e+05
6.794864314540598116e+02 1.213991667609277063e-04 -2.515960624002223485e+05
6.805157242423488242e+02 9.489369233159781949e-04 -2.515960615726846154e+05
6.815067448307427185e+02 1.625934407042395119e-03 -2.515960608956871147e+05
6.824826796932910611e+02 8.882237284371022465e-04 -2.515960616333977960e+05
6.834788840028661525e+02 4.427036041495519664e-04 -2.515960620789179229e+05
6.845079469596619219e+02 -2.405339006008295685e-03 -2.515960649269605346e+05
6.855306747574712745e+02 2.053340067126546795e-03 -2.515960604682814737e+05
6.865133723237687491e+02 1.897423965970417611e-04 -2.515960623318791331e+05
6.875026894255753405e+02 1.066938186452932137e-04 -2.515960624149276991e+05
6.885010192742055324e+02 -1.015821840663961055e-03 -2.515960635374433768e+05
6.894737539684281273e+02 -1.130873790840977678e-03 -2.515960636524953297e+05
6.904919580334639022e+02 -9.850426421619316950e-04 -2.515960635066641553e+05
6.914925261312008615e+02 -1.251258487863796771e-03 -2.515960637728800066e+05
6.924862306886965371e+02 1.317423743170660936e-03 -2.515960612041977874e+05
6.935223244749469131e+02 1.219745329868646231e-03 -2.515960613018762087e+05
6.944993843334559642e+02 1.513751211717756636e-03 -2.515960610078703030e+05
6.954912950470397845e+02 2.570854887363948401e-03 -2.515960599507666484e+05
6.964654371385905733e+02 3.365587305139612108e-03 -2.515960591560342291e+05
6.975356452657283626e+02 -1.015548026088342764e-04 -2.515960626231763163e+05
6.985111128194951107e+02 1.768814805847618299e-03 -2.515960607528067194e+05
6.995113336044125845e+02 6.658428325465756649e-04 -2.515960618557786802e+05
7.005419690271731952e+02 -8.587358475904475997e-04 -2.515960633803573728e+05
7.015648863784909963e+02 -6.271910479688268605e-05 -2.515960625843406306e+05
7.025138840394165527e+02 2.019352827066223967e-03 -2.515960605022686941e+05
7.035129257199847643e+02 -1.688367693766877359e-03 -2.515960642099892139e+05
7.044996690411434201e+02 -8.889007419811973797e-04 -2.515960634105222707e+05
7.055019974880161726e+02 6.196981334404959730e-04 -2.515960619019233854e+05
7.065423793916505701e+02 6.738308256706305446e-04 -2.515960618477906974e+05
7.075059820213099329e+02 1.901300780332004228e-04 -2.515960623314914410e+05
7.084748850917198979e+02 -1.678577000642089028e-04 -2.515960626894792367e+05
7.095092581892861290e+02 -1.101658389408288752e-03 -2.515960636232799152e+05
7.105081648789879409e+02 1.854541783960064532e-03 -2.515960606670797570e+05
7.114856799347231799e+02 6.434607385384916427e-04 -2.515960618781607773e+05
7.124979579660719082e+02 1.237974041026690484e-03 -2.515960612836474902e+05
7.134614438657407618e+02 -7.266030635362790303e-04 -2.515960632482245855e+05
7.144655859676407772e+02 -8.204206071718774277e-04 -2.515960633420421218e+05
7.154595623696715165e+02 -2.865165398716193663e-04 -2.515960628081380564e+05
7.164951770133350237e+02 3.082766955271189647e-03 -2.515960594388545724e+05
7.175014506927418552e+02 5.191494067323849677e-04 -2.515960620024721138e+05
7.185531372922735045e+02 1.065648687655419138e-03 -2.515960614559728419e+05
7.195221844841452139e+02 3.531488788602469620e-04 -2.515960621684726502e+05
7.205164077732343912e+02 -1.168258613000227328e-03 -2.515960636898801313e+05
7.214928471706466553e+02 1.628299082001123058e-03 -2.515960608933224576e+05
7.224811062050736155e+02 5.342260207215401022e-04 -2.515960619873955147e+05
7.235284738734148959e+02 2.929007488748301778e-03 -2.515960595926140377e+05
7.245241595631629252e+02 3.142733740528887328e-03 -2.515960593788877886e+05
7.255079654727969682e+02 -2.074153430469043245e-03 -2.515960645957749512e+05
7.265440018216887665e+02 2.859173237996401567e-04 -2.515960622357042157e+05
7.275126978110151867e+02 2.535143790886415938e-04 -2.515960622681071400e+05
7.284923426139541789e+02 1.774655092482598819e-03 -2.515960607469664246e+05
7.295383997019085882e+02 1.597647861477536659e-03 -2.515960609239736514e+05
7.305331944988912483e+02 5.147850003774829012e-04 -2.515960620068365242e+05
7.315112090786872159e+02 -1.136269653589729294e-03 -2.515960636578911799e+05
7.325056907963488584e+02 -6.650415000587078795e-04 -2.515960631866630283e+05
7.335050722354640129e+02 -1.650204974276925363e-03 -2.515960641718264960e+05
7.345469857403827518e+02 5.219666945689334109e-04 -2.515960619996548339e+05
7.355464125190999312e+02 -2.048891801563347114e-03 -2.515960645705133211e+05
7.365137126050748293e+02 1.470922877293594916e-03 -2.515960610506986559e+05
7.374943241450695268e+02 -6.925396726063186954e-05 -2.515960625908754882e+05
7.385406347584232662e+02 -6.950697716006838276e-04 -2.515960632166912837e+05
7.395159306763624727e+02 -7.043565723305217916e-04 -2.515960632259781123e+05
7.405117946862210374e+02 6.812154620331723441e-04 -2.515960618404060660e+05
7.415094120656075347e+02 -1.645547535573067040e-03 -2.515960641671690682e+05
7.424841395702094360e+02 6.888018338924875670e-04 -2.515960618328196870e+05
7.435066246073082539e+02 -1.404411326009760361e-03 -2.515960639260328608e+05
7.445252523815454424e+02 7.766579585523641525e-04 -2.515960617449635756e+05
7.455107277792008063e+02 -1.013434193824809841e-03 -2.515960635350557277e+05
7.465286482306802327e+02 -9.547852913032418235e-04 -2.515960634764068236e+05
7.475307234101736640e+02 -1.802380667083638239e-03 -2.515960643240021891e+05
7.484868809586864700e+02 -1.065239461801819817e-03 -2.515960635868609825e+05
7.494645306698911327e+02 2.247247341516855554e-03 -2.515960602743741765e+05
7.504638922399014973e+02 9.917930334379632638e-04 -2.515960615298284974e+05
7.514881625677750208e+02 2.537785976068004500e-03 -2.515960599838355556e+05
7.524523619633571343e+02 -5.611399556421170845e-04 -2.515960630827614805e+05
7.534762455686031899e+02 5.481412732790969791e-04 -2.515960619734802458e+05
7.545006997751635254e+02 -1.369420379323244789e-03 -2.515960638910419075e+05
7.554989388430559529e+02 -2.911402947372860282e-03 -2.515960654330244870e+05
7.564721605411913288e+02 3.071038495926630167e-04 -2.515960622145176749e+05
7.574650521627286253e+02 -1.549943621695602141e-03 -2.515960640715651389e+05
7.584996951485601357e+02 1.530799888758267724e-03 -2.515960609908216284e+05
7.594868090794145701e+02 -3.650604975824059471e-04 -2.515960628866820189e+05
7.604845768580167942e+02 5.760879689258253987e-04 -2.515960619455335545e+05
7.615035362283019822e+02 -2.728498388001055104e-03 -2.515960652501199220e+05
7.625031227097377950e+02 -1.290862094263477546e-04 -2.515960626507077250e+05
7.634890885800195974e+02 -1.271856609488680474e-04 -2.515960626488071866e+05
7.644964107909352151e+02 -4.279964707304919529e-04 -2.515960629496180045e+05
7.655035211182436115e+02 8.352168643510321077e-04 -2.515960616864046606e+05
7.665023201251851788e+02 1.547254593436288685e-03 -2.515960609743669338e+05
7.675063734477322441e+02 -1.044200148881682709e-03 -2.515960635658216779e+05
7.684779686442794855e+02 2.120541421788456685e-03 -2.515960604010801180e+05
7.694794899173599561e+02 -2.414719982111296868e-03 -2.515960649363415141e+05
7.705176240158490373e+02 -5.701129970570980232e-04 -2.515960630917345115e+05
7.714958863205575881e+02 -1.511754647769234221e-03 -2.515960640333761694e+05
7.724980947961769289e+02 -7.778121285649188150e-04 -2.515960632994336484e+05
7.735109087003627337e+02 -1.272900205560306556e-04 -2.515960626489115530e+05
7.744531739018632379e+02 -7.276834203017274686e-04 -2.515960632493049488e+05
7.754918027310758362e+02 2.771500209430316497e-03 -2.515960597501213197e+05
7.765141868648672698e+02 -8.480668366702278586e-04 -2.515960633696883742e+05
7.774694165172472822e+02 -5.090926840005676086e-04 -2.515960630307141982e+05
7.784825699484559891e+02 -2.509292766187317791e-03 -2.515960650309142948e+05
7.794840515921542874e+02 -2.427876526241132520e-03 -2.515960649494980462e+05
7.804778147773840828e+02 -6.376669388408808545e-04 -2.515960631592884602e+05
7.814796681415929243e+02 1.516485186101412634e-03 -2.515960610051363474e+05
7.824743730199618312e+02 2.312531809168537778e-03 -2.515960602090897155e+05
7.834885275178556867e+02 -2.645634880440910722e-03 -2.515960651672563981e+05
7.845416054785811184e+02 1.465292808993550735e-03 -2.515960610563287046e+05
7.854683789604249569e+02 1.420013581389571169e-03 -2.515960611016079492e+05
7.864836717153604013e+02 -3.797490160725461522e-04 -2.515960629013705475e+05
7.874838638634045083e+02 9.140362299440694428e-04 -2.515960616075852886e+05
7.884869003735058186e+02 -4.546743360007389143e-04 -2.515960629762958561e+05
7.894864808502067035e+02 1.234950135546590078e-03 -2.515960612866713782e+05
7.904973556705906503e+02 -8.414807022566575838e-04 -2.515960633631022356e+05
7.915121371779833908e+02 -1.536909874257780251e-03 -2.515960640585313959e+05
7.924960210543960102e+02 1.454960173042259492e-03 -2.515960610666613502e+05
7.935268830819770756e+02 2.523006747522632282e-03 -2.515960599986147718e+05
7.945163242810093607e+02 2.212362963467864787e-03 -2.515960603092585516e+05
7.955353136525390028e+02 9.488877480392251098e-04 -2.515960615727337718e+05
7.965225823121286339e+02 1.473276777326431935e-04 -2.515960623742938624e+05
7.975140297896122092e+02 2.279760571881971174e-04 -2.515960622936454602e+05
7.985005001733311474e+02 -1.052823249131334959e-03 -2.515960635744447645e+05
7.995459426711868218e+02 7.049156738831116077e-04 -2.515960618167058565e+05
8.004842916548163885e+02 1.162056287602069833e-03 -2.515960613595652394e+05
8.015052409017143873e+02 1.528355615850974071e-03 -2.515960609932659136e+05
8.024692111862040065e+02 -8.483570560364212670e-04 -2.515960633699785685e+05
8.034887106025933008e+02 2.007056605404461760e-04 -2.515960623209158657e+05
8.045226985722341624e+02 -1.524145668647667912e-04 -2.515960626740361040e+05
8.054977710529268506e+02 -1.007357347478011599e-03 -2.515960635289788770e+05
8.065184008339033426e+02 1.814734028022436290e-03 -2.515960607068875106e+05
8.075322311098701675e+02 1.892542343065827578e-03 -2.515960606290791766e+05
8.084914019429091923e+02 -7.677263718970278638e-04 -2.515960632893478905e+05
8.094904444882279222e+02 1.238794964656495131e-04 -2.515960623977420328e+05
8.105146663658746320e+02 1.487874633479952663e-03 -2.515960610337468970e+05
8.114772679058336280e+02 -1.477388023929531802e-03 -2.515960639990095515e+05
8.125317357422084115e+02 1.950548995508697260e-04 -2.515960623265666363e+05
8.135223874198364911e+02 -8.418117266728051889e-04 -2.515960633634332626e+05
8.144984028576716355e+02 -1.230036613603705063e-03 -2.515960637516581337e+05
8.154985669655774245e+02 2.873959574960106584e-03 -2.515960596476619539e+05
8.165304673459048672e+02 -3.605965997131777468e-04 -2.515960628822181316e+05
8.175327520299071011e+02 1.204163464987010115e-03 -2.515960613174580503e+05
8.185337518623749702e+02 -7.509324714098063180e-04 -2.515960632725539908e+05
8.195073040904641175e+02 -1.967233428490579045e-03 -2.515960644888549577e+05
8.204768863032611534e+02 1.810526861151392185e-04 -2.515960623405688384e+05
8.215091234748746274e+02 4.099559882050188330e-04 -2.515960621116655529e+05
8.225425196659078892e+02 -6.452803989108517541e-04 -2.515960631669019349e+05
8.234841176241529865e+02 3.188790546523199900e-04 -2.515960622027424688e+05
8.245041940742069073e+02 1.542020149322019713e-04 -2.515960623674195085e+05
8.255319190513237118e+02 -2.150082321691800143e-03 -2.515960646717038471e+05
8.265324445692873496e+02 1.883924336723201117e-03 -2.515960606376971991e+05
8.274697651759641985e+02 -3.401863092971741883e-05 -2.515960625556401501e+05
8.284897918462080497e+02 1.007047402351910967e-03 -2.515960615145741322e+05
8.295086032098013220e+02 -8.577579652174769156e-04 -2.515960633793794841e+05
8.305148695839775428e+02 -7.186332821018166133e-04 -2.515960632402548217e+05
8.315206921778072910e+02 2.265165812308504723e-03 -2.515960602564557048e+05
8.324914341388503090e+02 7.656628631252241409e-04 -2.515960617559586535e+05
8.334814212419254318e+02 1.323699538325850489e-03 -2.515960611979219830e+05
8.344782824756991886e+02 -2.451461789390074514e-04 -2.515960627667677181e+05
8.355123037835513742e+02 1.354355861061211927e-03 -2.515960611672656669e+05
8.365176133914544607e+02 -1.489833339234416902e-03 -2.515960640114548733e+05
8.375127010971541495e+02 1.183841716785757198e-03 -2.515960613377797999e+05
8.384960296213915854e+02 1.122568293571892493e-03 -2.515960613990532293e+05
8.394838902412542438e+02 2.032479434516205798e-04 -2.515960623183735879e+05
8.404804369974593783e+02 1.442776951732165948e-03 -2.515960610788445629e+05
8.414979843808359874e+02 1.279036942811706632e-03 -2.515960612425845757e+05
8.424837343930379348e+02 -1.537205734613425034e-03 -2.515960640588272654e+05
8.435021531015131586e+02 -7.035821340079880968e-04 -2.515960632252036594e+05
8.444876924630839312e+02 -8.290158846939183878e-04 -2.515960633506374143e+05
8.455350411944191364e+02 2.632330464424637311e-04 -2.515960622583884688e+05
8.465346993083504685e+02 2.431241601003139455e-04 -2.515960622784973530e+05
8.475469469033517953e+02 -1.703518693165112551e-03 -2.515960642251402314e+05
8.484902896178680294e+02 -8.810719191971761463e-04 -2.515960634026934567e+05
8.494789206980731251e+02 6.510468018003958942e-05 -2.515960624565168400e+05
8.505299421314048232e+02 -1.021978068457441043e-04 -2.515960626238193363e+05
8.515278797168253959e+02 1.242733507938444983e-03 -2.515960612788880244e+05
8.525186228048984276e+02 2.452781755630284270e-03 -2.515960600688397826e+05
8.535030747922961609e+02 7.268578993549448157e-04 -2.515960617947636347e+05
8.545215756258400006e+02 -1.679442928683373215e-03 -2.515960642010644660e+05
8.554981340644244483e+02 -1.095102318177932927e-03 -2.515960636167238408e+05
8.565098003518992300e+02 -6.941513377065924558e-04 -2.515960632157728542e+05
8.574993461793725373e+02 -1.584613631940824229e-03 -2.515960641062351642e+05
8.585204718174078380e+02 1.818110429694139380e-03 -2.515960607035110879e+05
8.595475351329762361e+02 8.242784985735995178e-04 -2.515960616973430151e+05
8.604959767394595929e+02 -1.996087324288156346e-03 -2.515960645177088445e+05
8.615051502649195072e+02 1.562033331703383942e-03 -2.515960609595881833e+05
8.625369482431897268e+02 -9.042170443166848903e-04 -2.515960634258385689e+05
8.634947691839098525e+02 -2.616190392038096764e-04 -2.515960627832405735e+05
8.645355686209401256e+02 3.573454596217048060e-04 -2.515960621642760816e+05
8.654856611690979662e+02 -1.698182620543384810e-03 -2.515960642198041605e+05
8.665001577836911792e+02 1.092538170967582642e-03 -2.515960614290833473e+05
8.675404775091477632e+02 -5.055279754047482636e-04 -2.515960630271495029e+05
8.684987173992103635e+02 2.023828891744637419e-03 -2.515960604977926414e+05
8.694976296920502818e+02 -5.293143597887313813e-04 -2.515960630509358889e+05
8.705237249558971371e+02 3.823501196691334318e-05 -2.515960624833865149e+05
8.715283346238479680e+02 7.144387543591019510e-04 -2.515960618071827630e+05
8.725060566905112864e+02 -3.505887089622032951e-03 -2.515960660275086120e+05
8.735289721267636196e+02 -8.980004230494877289e-04 -2.515960634196219617e+05
8.745057623121473398e+02 5.459151127272181920e-04 -2.515960619757064269e+05
8.754617527925632885e+02 1.194659047051977374e-03 -2.515960613269624882e+05
8.764919035355443384e+02 -1.311383591564515639e-03 -2.515960638330051152e+05
8.775225501307425020e+02 3.009060062169159069e-04 -2.515960622207155102e+05
8.785010329167251939e+02 4.427947404043431446e-05 -2.515960624773420568e+05
8.794719907016382194e+02 -5.113890846681195266e-04 -2.515960630330106069e+05
8.804705349361429398e+02 -2.410412287811778114e-04 -2.515960627626627684e+05
8.814729622212631739e+02 4.306498202855741286e-04 -2.515960620909717109e+05
8.824859198898565182e+02 1.144622204436539074e-04 -2.515960624071593047e+05
8.835173432566233487e+02 -1.282785256033845212e-03 -2.515960638044067891e+05
8.844755400198476991e+02 5.303641988171471731e-04 -2.515960619912573311e+05
8.854848840469288689e+02 9.385789698952559310e-04 -2.515960615830425522e+05
8.865076452425091702e+02 1.589202429949532636e-03 -2.515960609324190882e+05
8.874994011182940312e+02 4.622314390228719977e-04 -2.515960620593900967e+05
8.884905060783821682e+02 4.991825357780937987e-04 -2.515960620224390004e+05
8.895055037707102201e+02 -1.131722304693601232e-03 -2.515960636533438228e+05
8.905125238851959466e+02 1.702249954533788462e-03 -2.515960608193715743e+05
8.914995495641881007e+02 -1.617706756508234818e-05 -2.515960625377985998e+05
8.925082929544433910e+02 1.146696201742511802e-03 -2.515960613749253389e+05
8.935263458524026419e+02 3.035514218314795719e-04 -2.515960622180701175e+05
8.945060475509261551e+02 -2.618723486629065053e-03 -2.515960651403450174e+05
8.954561121350243411e+02 5.306063574694451935e-04 -2.515960619910151581e+05
8.964999145420118793e+02 -1.075916677370838785e-03 -2.515960635975382174e+05
8.975049649900797704e+02 -1.344010174887952510e-03 -2.515960638656317024e+05
8.985034042018388618e+02 -3.334553689509968952e-04 -2.515960628550768888e+05
8.995093833546579845e+02 -6.844379283763744534e-04 -2.515960632060594507e+05
9.004905937739780484e+02 3.784274505007834610e-04 -2.515960621431940817e+05
9.015009047483566746e+02 -1.837269483007739372e-03 -2.515960643588910170e+05
9.024720271463984318e+02 -1.337801050019744213e-03 -2.515960638594225748e+05
9.034834929265202845e+02 2.106471706081081141e-03 -2.515960604151498119e+05
9.044933528560865170e+02 -1.167765810613197088e-03 -2.515960636893873452e+05
9.054941462744778846e+02 4.384933762674008404e-04 -2.515960620831281412e+05
9.065033758606845140e+02 -2.356399583248614676e-03 -2.515960648780211050e+05
9.075033277716177054e+02 2.074276423703982821e-03 -2.515960604473451094e+05
9.084911479829992231e+02 6.438843296758783429e-04 -2.515960618777372001e+05
9.094643206440811127e+02 4.284196711601095096e-04 -2.515960620932018501e+05
9.104676752153611687e+02 -1.990490314099085261e-04 -2.515960627206705685e+05
9.115453271332735312e+02 -4.790932906751718006e-04 -2.515960630007148138e+05
9.125468716394333342e+02 -2.863004504303847089e-05 -2.515960625502515759e+05
9.134967614207274664e+02 -8.730439290608445289e-04 -2.515960633946654561e+05
9.144980094805658837e+02 1.043149582217808846e-04 -2.515960624173065589e+05
9.155245699909447694e+02 -6.327837453050128447e-04 -2.515960631544052740e+05
9.165136119533699457e+02 -3.166094065528095151e-04 -2.515960628382309224e+05
9.174972008693699763e+02 -5.684846719186598856e-04 -2.515960630901062104e+05
9.185199192172070752e+02 -3.698125969697514800e-04 -2.515960628914341214e+05
9.195009495114215952e+02 2.249482034266680336e-03 -2.515960602721394971e+05
9.204835663083615600e+02 -1.225205306583652390e-03 -2.515960637468268396e+05
9.214863935761770790e+02 -3.156252884785191309e-03 -2.515960656778744014e+05
9.225391299125877822e+02 -1.764713390594722800e-03 -2.515960642863349058e+05
9.235130860785708364e+02 -1.318318269536055331e-03 -2.515960638399398013e+05
9.244987038767810645e+02 -2.370520102382581441e-05 -2.515960625453267421e+05
9.254580575872195141e+02 3.355491779079248105e-04 -2.515960621860723477e+05
9.264527228447615244e+02 -4.502263945288719697e-05 -2.515960625666441629e+05
9.274955198437362469e+02 2.311067242851833677e-03 -2.515960602105542785e+05
9.285103131861901602e+02 2.001959886445687023e-03 -2.515960605196616380e+05
9.295049369256009868e+02 9.726834019590627255e-04 -2.515960615489381307e+05
9.305138044084820876e+02 2.257463184287786825e-04 -2.515960622958752210e+05
9.315318952383973965e+02 -7.184153086288384404e-04 -2.515960632400368340e+05
9.325188701725630835e+02 8.855339413221767616e-04 -2.515960616360875720e+05
9.335075950400773763e+02 -1.522152056527692173e-03 -2.515960640437735710e+05
9.345083479833887168e+02 1.601874551842590380e-03 -2.515960609197469894e+05
9.354875974099197720e+02 1.274445042660061816e-03 -2.515960612471764907e+05
9.364737176746475598e+02 1.838118361794137965e-03 -2.515960606835031649e+05
9.375204654741072545e+02 7.660922763438314000e-04 -2.515960617555292556e+05
9.385008680961644814e+02 -1.173637504983725570e-03 -2.515960636952590430e+05
9.395140906540424339e+02 -2.041456320215107121e-03 -2.515960645630778454e+05
9.404898826933676901e+02 -1.658436256079165905e-04 -2.515960626874651643e+05
9.415190419704648548e+02 -6.840549577557654502e-04 -2.515960632056764734e+05
9.425070557243097937e+02 -2.807009690805375968e-04 -2.515960628023224999e+05
9.434770344519382661e+02 -8.296496758488209299e-04 -2.515960633512712084e+05
9.445146970661636487e+02 -7.830538780860651481e-04 -2.515960633046753937e+05
9.455359810106565419e+02 -7.118868721802669268e-04 -2.515960632335084083e+05
9.465264451626786695e+02 -2.190473688197435310e-03 -2.515960647120952199e+05
9.474952066790884828e+02 3.700277379756956430e-03 -2.515960588213441370e+05
9.484844562418065834e+02 8.424568763241089804e-04 -2.515960616791646462e+05
9.494909478753195344e+02 1.153804343106886029e-03 -2.515960613678171940e+05
9.504889108583205370e+02 -2.102858638023413166e-03 -2.515960646244801756e+05
9.514802808847157394e+02 -2.548553435205179029e-03 -2.515960650701749546e+05
9.524332333431449342e+02 2.389440653465127549e-04 -2.515960622826774488e+05
9.534990266379535342e+02 1.681358471758734926e-03 -2.515960608402630605e+05
9.545180283542075586e+02 -5.841695099151751310e-04 -2.515960631057910505e+05
9.555023906800932991e+02 3.095592753682958149e-04 -2.515960622120622429e+05
9.565072320201409184e+02 2.501201298501756531e-05 -2.515960624966095202e+05
9.574870377740602407e+02 -5.917810124053051813e-04 -2.515960631134025462e+05
9.584958097553688958e+02 -1.077317600536408632e-04 -2.515960626293532841e+05
9.595006449058572571e+02 -3.553129456661365871e-04 -2.515960628769344767e+05
9.605203569899554168e+02 8.194434140603006891e-04 -2.515960617021781218e+05
9.615070085555462356e+02 -1.035100304529558885e-04 -2.515960626251315698e+05
9.625324759651226714e+02 1.857163522462383469e-03 -2.515960606644579966e+05
9.635292874926701643e+02 1.096568706191121444e-03 -2.515960614250528160e+05
9.645318470173053811e+02 -1.108980240202011355e-03 -2.515960636306017695e+05
9.654993004714523295e+02 -1.431675051765414963e-03 -2.515960639532965724e+05
9.664959923566646012e+02 -1.422521172619293150e-03 -2.515960639441426902e+05
9.674804870088895541e+02 -8.451389148831367493e-04 -2.515960633667604416e+05
9.684880175830065809e+02 3.562998912696548927e-04 -2.515960621653216367e+05
9.694572890508742375e+02 -1.591984998612176738e-04 -2.515960626808200323e+05
9.704780947681018688e+02 -2.199386509817510696e-04 -2.515960627415601921e+05
9.714942978667969555e+02 3.598366894565619664e-05 -2.515960624856378709e+05
9.725060440216136612e+02 8.958465469551783614e-04 -2.515960616257749789e+05
9.735101369562711398e+02 6.986850756777530144e-04 -2.515960618229364627e+05
9.745066363609806785e+02 2.925332008967947151e-03 -2.515960595962895313e+05
9.755109722083446968e+02 -1.781256617726506282e-04 -2.515960626997471845e+05
9.765001480346592189e+02 2.354408226823658705e-04 -2.515960622861807060e+05
9.775097955741711075e+02 1.049859062861232487e-03 -2.515960614717624558e+05
9.784928964194918990e+02 3.776377626425850460e-04 -2.515960621439837560e+05
9.795114349498498996e+02 -4.768536427482593571e-05 -2.515960625693069014e+05
9.804926183497213970e+02 -4.448127730494408089e-04 -2.515960629664343141e+05
9.814804951907276518e+02 1.349552671497420992e-03 -2.515960611720688466e+05
9.824957188038578124e+02 2.814580082205138216e-03 -2.515960597070414515e+05
9.835201931784863518e+02 4.452041890757809533e-04 -2.515960620764173509e+05
9.845032870029618834e+02 3.260301452128669527e-04 -2.515960621955913957e+05
9.855211862327938661e+02 -7.228982259356786164e-04 -2.515960632445197552e+05
9.864746013591258134e+02 1.286788908223050233e-03 -2.515960612348326249e+05
9.875085165808161491e+02 -1.460453230260174654e-03 -2.515960639820747601e+05
9.885171921621606543e+02 2.958053981829199090e-04 -2.515960622258161311e+05
9.894931318463900425e+02 5.680277989180445279e-05 -2.515960624648187368e+05
9.904894938556835768e+02 -4.590166123045215092e-04 -2.515960629806381476e+05
9.915112279570151941e+02 1.247496271329652170e-03 -2.515960612741252698e+05
9.925396795985305971e+02 -8.753952653518247721e-04 -2.515960633970167837e+05
9.935074926110823981e+02 -9.461409896421858453e-04 -2.515960634677625203e+05
9.945028298851236741e+02 6.296709053927125512e-04 -2.515960618919506087e+05
9.955173889596901518e+02 7.393208016365428615e-04 -2.515960617823007342e+05
9.964930623179368467e+02 -3.350605171440071222e-04 -2.515960628566820524e+05
9.974697417055870119e+02 6.043235569387846217e-04 -2.515960619172979787e+05
9.985036454121418501e+02 -1.250060193713476786e-03 -2.515960637716817146e+05
9.994711617102989294e+02 -1.075109686606969504e-03 -2.515960635967312264e+05
